# clock	walking	resting	collected_food	energy
1	0	20	0	0
2	0	20	0	0
3	4	16	0	-4
4	6	14	0	-10
5	6	14	0	-16
6	6	14	0	-22
7	7	13	0	-29
8	10	10	0	-39
9	11	9	0	-50
10	15	5	0	-65
11	18	2	0	-83
12	18	2	0	-101
13	18	2	0	-119
14	18	2	0	-137
15	18	2	0	-155
16	18	2	0	-173
17	18	2	0	-191
18	18	2	0	-209
19	18	2	0	-227
20	18	2	0	-245
21	19	1	0	-264
22	19	1	0	-283
23	19	1	0	-302
24	19	1	0	-321
25	19	1	0	-340
26	19	1	0	-359
27	19	1	0	-378
28	19	1	0	-397
29	19	1	0	-416
30	19	1	0	-435
31	19	1	0	-454
32	19	1	0	-473
33	20	0	0	-493
34	20	0	0	-513
35	20	0	0	-533
36	20	0	0	-553
37	20	0	0	-573
38	20	0	0	-593
39	20	0	0	-613
40	20	0	0	-633
41	20	0	0	-653
42	20	0	0	-673
43	20	0	0	-693
44	20	0	0	-713
45	20	0	0	-733
46	20	0	0	-753
47	20	0	0	-773
48	20	0	0	-793
49	20	0	0	-813
50	20	0	0	-833
51	20	0	0	-853
52	20	0	0	-873
53	20	0	0	-893
54	20	0	0	-913
55	20	0	0	-933
56	20	0	0	-953
57	20	0	0	-973
58	20	0	0	-993
59	20	0	0	-1013
60	20	0	0	-1033
61	20	0	0	-1053
62	20	0	0	-1073
63	20	0	0	-1093
64	20	0	0	-1113
65	20	0	0	-1133
66	20	0	0	-1153
67	20	0	0	-1173
68	20	0	0	-1193
69	20	0	0	-1213
70	20	0	0	-1233
71	20	0	0	-1253
72	20	0	0	-1273
73	20	0	0	-1293
74	20	0	0	-1313
75	20	0	0	-1333
76	20	0	0	-1353
77	20	0	0	-1373
78	20	0	0	-1393
79	20	0	0	-1413
80	20	0	0	-1433
81	20	0	0	-1453
82	20	0	0	-1473
83	20	0	0	-1493
84	20	0	0	-1513
85	20	0	0	-1533
86	20	0	0	-1553
87	20	0	0	-1573
88	20	0	0	-1593
89	20	0	0	-1613
90	20	0	0	-1633
91	20	0	0	-1653
92	20	0	0	-1673
93	20	0	0	-1693
94	20	0	0	-1713
95	20	0	0	-1733
96	20	0	0	-1753
97	20	0	0	-1773
98	20	0	0	-1793
99	20	0	0	-1813
100	20	0	0	-1833
101	20	0	0	-1853
102	20	0	0	-1873
103	20	0	0	-1893
104	20	0	0	-1913
105	20	0	0	-1933
106	20	0	0	-1953
107	20	0	0	-1973
108	20	0	0	-1993
109	20	0	0	-2013
110	20	0	0	-2033
111	20	0	0	-2053
112	20	0	0	-2073
113	20	0	0	-2093
114	20	0	0	-2113
115	20	0	0	-2133
116	20	0	0	-2153
117	20	0	0	-2173
118	20	0	0	-2193
119	20	0	0	-2213
120	20	0	0	-2233
121	20	0	0	-2253
122	20	0	0	-2273
123	20	0	0	-2293
124	20	0	0	-2313
125	20	0	0	-2333
126	20	0	0	-2353
127	20	0	0	-2373
128	20	0	0	-2393
129	20	0	0	-2413
130	20	0	0	-2433
131	20	0	0	-2453
132	20	0	0	-2473
133	20	0	0	-2493
134	20	0	0	-2513
135	20	0	0	-2533
136	20	0	0	-2553
137	20	0	0	-2573
138	20	0	0	-2593
139	20	0	0	-2613
140	20	0	0	-2633
141	20	0	0	-2653
142	20	0	0	-2673
143	20	0	0	-2693
144	20	0	0	-2713
145	20	0	0	-2733
146	20	0	0	-2753
147	20	0	1	-1773
148	20	0	1	-1793
149	20	0	1	-1813
150	20	0	1	-1833
151	20	0	1	-1853
152	20	0	1	-1873
153	20	0	1	-1893
154	20	0	1	-1913
155	20	0	1	-1933
156	20	0	1	-1953
157	20	0	1	-1973
158	20	0	1	-1993
159	20	0	1	-2013
160	20	0	1	-2033
161	20	0	1	-2053
162	20	0	1	-2073
163	20	0	1	-2093
164	20	0	1	-2113
165	20	0	1	-2133
166	20	0	1	-2153
167	20	0	1	-2173
168	20	0	1	-2193
169	20	0	1	-2213
170	20	0	1	-2233
171	20	0	1	-2253
172	20	0	1	-2273
173	20	0	1	-2293
174	20	0	1	-2313
175	20	0	1	-2333
176	20	0	1	-2353
177	20	0	1	-2373
178	20	0	1	-2393
179	20	0	1	-2413
180	20	0	1	-2433
181	20	0	1	-2453
182	20	0	1	-2473
183	20	0	1	-2493
184	20	0	1	-2513
185	20	0	1	-2533
186	20	0	1	-2553
187	20	0	1	-2573
188	20	0	1	-2593
189	20	0	1	-2613
190	20	0	1	-2633
191	20	0	1	-2653
192	20	0	1	-2673
193	20	0	1	-2693
194	20	0	1	-2713
195	20	0	1	-2733
196	20	0	1	-2753
197	20	0	1	-2773
198	20	0	1	-2793
199	20	0	1	-2813
200	20	0	1	-2833
201	20	0	1	-2853
202	20	0	1	-2873
203	20	0	1	-2893
204	20	0	1	-2913
205	20	0	1	-2933
206	19	1	1	-2952
207	19	1	1	-2971
208	19	1	1	-2990
209	19	1	1	-3009
210	19	1	1	-3028
211	19	1	1	-3047
212	19	1	1	-3066
213	19	1	1	-3085
214	19	1	1	-3104
215	19	1	1	-3123
216	19	1	1	-3142
217	19	1	1	-3161
218	19	1	1	-3180
219	19	1	1	-3199
220	19	1	1	-3218
221	19	1	1	-3237
222	19	1	1	-3256
223	19	1	1	-3275
224	19	1	1	-3294
225	19	1	1	-3313
226	19	1	1	-3332
227	19	1	1	-3351
228	19	1	1	-3370
229	19	1	1	-3389
230	19	1	1	-3408
231	19	1	1	-3427
232	19	1	1	-3446
233	19	1	1	-3465
234	19	1	1	-3484
235	19	1	1	-3503
236	19	1	1	-3522
237	19	1	2	-2541
238	19	1	2	-2560
239	19	1	2	-2579
240	19	1	2	-2598
241	19	1	2	-2617
242	19	1	2	-2636
243	19	1	2	-2655
244	19	1	3	-1674
245	19	1	3	-1693
246	19	1	3	-1712
247	19	1	3	-1731
248	19	1	3	-1750
249	19	1	3	-1769
250	19	1	3	-1788
251	19	1	3	-1807
252	19	1	3	-1826
253	19	1	3	-1845
254	19	1	3	-1864
255	19	1	3	-1883
256	19	1	3	-1902
257	19	1	3	-1921
258	19	1	3	-1940
259	19	1	3	-1959
260	19	1	3	-1978
261	19	1	4	-997
262	19	1	4	-1016
263	19	1	4	-1035
264	19	1	4	-1054
265	19	1	4	-1073
266	19	1	4	-1092
267	19	1	4	-1111
268	19	1	4	-1130
269	19	1	4	-1149
270	19	1	4	-1168
271	19	1	4	-1187
272	19	1	4	-1206
273	19	1	4	-1225
274	19	1	4	-1244
275	19	1	4	-1263
276	19	1	4	-1282
277	19	1	4	-1301
278	19	1	4	-1320
279	19	1	4	-1339
280	19	1	4	-1358
281	19	1	4	-1377
282	19	1	4	-1396
283	19	1	4	-1415
284	19	1	4	-1434
285	19	1	4	-1453
286	19	1	4	-1472
287	19	1	4	-1491
288	19	1	4	-1510
289	19	1	4	-1529
290	19	1	5	-548
291	19	1	5	-567
292	19	1	5	-586
293	19	1	5	-605
294	19	1	5	-624
295	19	1	5	-643
296	19	1	5	-662
297	19	1	5	-681
298	19	1	5	-700
299	19	1	5	-719
300	19	1	5	-738
301	18	2	5	-756
302	17	3	5	-773
303	17	3	5	-790
304	17	3	5	-807
305	17	3	5	-824
306	17	3	5	-841
307	17	3	5	-858
308	17	3	5	-875
309	17	3	5	-892
310	17	3	5	-909
311	17	3	5	-926
312	17	3	5	-943
313	17	3	5	-960
314	17	3	5	-977
315	17	3	5	-994
316	17	3	5	-1011
317	17	3	5	-1028
318	17	3	5	-1045
319	16	4	5	-1061
320	16	4	5	-1077
321	16	4	5	-1093
322	16	4	5	-1109
323	16	4	5	-1125
324	16	4	5	-1141
325	16	4	5	-1157
326	16	4	5	-1173
327	16	4	5	-1189
328	16	4	5	-1205
329	16	4	5	-1221
330	16	4	5	-1237
331	16	4	5	-1253
332	17	3	5	-1270
333	17	3	5	-1287
334	17	3	5	-1304
335	17	3	5	-1321
336	17	3	5	-1338
337	17	3	5	-1355
338	17	3	5	-1372
339	17	3	5	-1389
340	17	3	5	-1406
341	17	3	5	-1423
342	17	3	5	-1440
343	17	3	5	-1457
344	17	3	5	-1474
345	17	3	5	-1491
346	17	3	5	-1508
347	17	3	5	-1525
348	16	4	5	-1541
349	16	4	5	-1557
350	16	4	5	-1573
351	16	4	5	-1589
352	16	4	5	-1605
353	16	4	5	-1621
354	16	4	5	-1637
355	16	4	5	-1653
356	16	4	5	-1669
357	17	3	5	-1686
358	17	3	5	-1703
359	17	3	5	-1720
360	17	3	5	-1737
361	17	3	5	-1754
362	17	3	5	-1771
363	17	3	5	-1788
364	17	3	5	-1805
365	17	3	5	-1822
366	17	3	5	-1839
367	17	3	5	-1856
368	17	3	5	-1873
369	17	3	5	-1890
370	17	3	5	-1907
371	17	3	5	-1924
372	17	3	5	-1941
373	17	3	5	-1958
374	17	3	5	-1975
375	17	3	5	-1992
376	17	3	5	-2009
377	17	3	5	-2026
378	17	3	5	-2043
379	17	3	5	-2060
380	17	3	5	-2077
381	17	3	5	-2094
382	17	3	5	-2111
383	17	3	5	-2128
384	17	3	5	-2145
385	18	2	5	-2163
386	18	2	5	-2181
387	18	2	5	-2199
388	18	2	5	-2217
389	18	2	5	-2235
390	18	2	5	-2253
391	18	2	5	-2271
392	18	2	5	-2289
393	18	2	5	-2307
394	18	2	5	-2325
395	18	2	5	-2343
396	18	2	5	-2361
397	18	2	5	-2379
398	18	2	5	-2397
399	18	2	5	-2415
400	19	1	5	-2434
401	19	1	5	-2453
402	19	1	5	-2472
403	19	1	5	-2491
404	19	1	5	-2510
405	19	1	5	-2529
406	19	1	5	-2548
407	19	1	5	-2567
408	19	1	5	-2586
409	19	1	5	-2605
410	19	1	5	-2624
411	19	1	5	-2643
412	19	1	5	-2662
413	19	1	5	-2681
414	19	1	5	-2700
415	19	1	5	-2719
416	19	1	5	-2738
417	19	1	5	-2757
418	19	1	5	-2776
419	19	1	5	-2795
420	20	0	5	-2815
421	20	0	5	-2835
422	20	0	5	-2855
423	20	0	5	-2875
424	20	0	5	-2895
425	20	0	5	-2915
426	20	0	5	-2935
427	20	0	5	-2955
428	20	0	5	-2975
429	20	0	5	-2995
430	20	0	6	-2015
431	20	0	6	-2035
432	20	0	6	-2055
433	20	0	7	-1075
434	20	0	7	-1095
435	20	0	7	-1115
436	20	0	8	-135
437	20	0	8	-155
438	20	0	8	-175
439	20	0	8	-195
440	20	0	8	-215
441	20	0	8	-235
442	20	0	8	-255
443	20	0	8	-275
444	20	0	8	-295
445	20	0	8	-315
446	20	0	8	-335
447	20	0	8	-355
448	20	0	8	-375
449	20	0	8	-395
450	20	0	8	-415
451	20	0	8	-435
452	20	0	8	-455
453	20	0	8	-475
454	20	0	8	-495
455	20	0	8	-515
456	20	0	8	-535
457	20	0	8	-555
458	20	0	8	-575
459	20	0	8	-595
460	20	0	8	-615
461	20	0	8	-635
462	20	0	8	-655
463	20	0	8	-675
464	20	0	8	-695
465	20	0	9	285
466	20	0	9	265
467	20	0	9	245
468	20	0	9	225
469	20	0	9	205
470	20	0	9	185
471	20	0	9	165
472	20	0	9	145
473	20	0	9	125
474	20	0	9	105
475	20	0	9	85
476	20	0	9	65
477	20	0	9	45
478	20	0	9	25
479	20	0	9	5
480	20	0	9	-15
481	20	0	9	-35
482	20	0	9	-55
483	20	0	9	-75
484	20	0	9	-95
485	20	0	9	-115
486	20	0	9	-135
487	20	0	9	-155
488	19	1	9	-174
489	19	1	9	-193
490	19	1	9	-212
491	19	1	10	769
492	18	2	10	751
493	17	3	10	734
494	17	3	10	717
495	17	3	10	700
496	17	3	10	683
497	17	3	10	666
498	17	3	10	649
499	17	3	10	632
500	17	3	10	615
501	17	3	10	598
502	17	3	10	581
503	17	3	10	564
504	17	3	10	547
505	17	3	10	530
506	17	3	10	513
507	17	3	10	496
508	17	3	10	479
509	17	3	10	462
510	17	3	10	445
511	17	3	10	428
512	17	3	10	411
513	17	3	10	394
514	17	3	10	377
515	17	3	10	360
516	17	3	10	343
517	17	3	10	326
518	17	3	10	309
519	17	3	10	292
520	17	3	10	275
521	17	3	10	258
522	17	3	10	241
523	17	3	10	224
524	17	3	10	207
525	16	4	10	191
526	16	4	10	175
527	16	4	10	159
528	16	4	10	143
529	16	4	10	127
530	16	4	10	111
531	16	4	10	95
532	16	4	10	79
533	16	4	10	63
534	16	4	10	47
535	16	4	10	31
536	16	4	10	15
537	16	4	10	-1
538	16	4	10	-17
539	16	4	10	-33
540	16	4	10	-49
541	16	4	10	-65
542	16	4	10	-81
543	16	4	10	-97
544	16	4	10	-113
545	16	4	10	-129
546	16	4	10	-145
547	15	5	10	-160
548	15	5	10	-175
549	15	5	10	-190
550	15	5	10	-205
551	15	5	10	-220
552	15	5	10	-235
553	15	5	10	-250
554	15	5	10	-265
555	15	5	10	-280
556	15	5	10	-295
557	15	5	10	-310
558	15	5	10	-325
559	15	5	10	-340
560	15	5	10	-355
561	15	5	10	-370
562	15	5	10	-385
563	15	5	10	-400
564	15	5	10	-415
565	15	5	10	-430
566	15	5	10	-445
567	15	5	10	-460
568	15	5	10	-475
569	15	5	10	-490
570	16	4	10	-506
571	16	4	10	-522
572	16	4	10	-538
573	16	4	10	-554
574	16	4	10	-570
575	16	4	10	-586
576	16	4	10	-602
577	16	4	10	-618
578	16	4	10	-634
579	16	4	10	-650
580	16	4	10	-666
581	16	4	10	-682
582	16	4	10	-698
583	16	4	10	-714
584	16	4	10	-730
585	16	4	10	-746
586	16	4	10	-762
587	16	4	10	-778
588	16	4	10	-794
589	16	4	10	-810
590	16	4	10	-826
591	16	4	10	-842
592	16	4	10	-858
593	16	4	10	-874
594	16	4	10	-890
595	16	4	10	-906
596	16	4	10	-922
597	16	4	10	-938
598	16	4	10	-954
599	16	4	10	-970
600	16	4	10	-986
601	17	3	10	-1003
602	17	3	10	-1020
603	17	3	10	-1037
604	17	3	10	-1054
605	17	3	10	-1071
606	17	3	10	-1088
607	18	2	10	-1106
608	18	2	10	-1124
609	18	2	10	-1142
610	18	2	10	-1160
611	18	2	10	-1178
612	18	2	10	-1196
613	18	2	11	-214
614	18	2	11	-232
615	18	2	11	-250
616	18	2	11	-268
617	19	1	11	-287
618	19	1	11	-306
619	19	1	11	-325
620	19	1	11	-344
621	19	1	11	-363
622	19	1	11	-382
623	19	1	11	-401
624	19	1	11	-420
625	19	1	11	-439
626	19	1	11	-458
627	19	1	11	-477
628	19	1	11	-496
629	19	1	11	-515
630	19	1	11	-534
631	19	1	11	-553
632	19	1	11	-572
633	19	1	11	-591
634	19	1	11	-610
635	19	1	11	-629
636	19	1	11	-648
637	19	1	11	-667
638	19	1	11	-686
639	19	1	11	-705
640	19	1	11	-724
641	19	1	11	-743
642	19	1	11	-762
643	19	1	11	-781
644	19	1	11	-800
645	19	1	11	-819
646	19	1	11	-838
647	19	1	11	-857
648	19	1	11	-876
649	19	1	11	-895
650	19	1	11	-914
651	19	1	11	-933
652	19	1	11	-952
653	19	1	11	-971
654	19	1	11	-990
655	19	1	11	-1009
656	19	1	11	-1028
657	19	1	11	-1047
658	19	1	11	-1066
659	19	1	11	-1085
660	19	1	11	-1104
661	19	1	11	-1123
662	20	0	12	-143
663	20	0	12	-163
664	19	1	12	-182
665	19	1	12	-201
666	19	1	12	-220
667	19	1	12	-239
668	19	1	12	-258
669	19	1	12	-277
670	19	1	12	-296
671	18	2	12	-314
672	18	2	12	-332
673	18	2	12	-350
674	18	2	12	-368
675	17	3	12	-385
676	17	3	12	-402
677	17	3	12	-419
678	17	3	12	-436
679	17	3	13	547
680	17	3	13	530
681	17	3	13	513
682	17	3	13	496
683	17	3	13	479
684	17	3	13	462
685	17	3	13	445
686	17	3	13	428
687	17	3	13	411
688	17	3	13	394
689	17	3	13	377
690	17	3	13	360
691	17	3	13	343
692	17	3	13	326
693	17	3	13	309
694	17	3	13	292
695	17	3	13	275
696	17	3	13	258
697	17	3	13	241
698	17	3	13	224
699	17	3	13	207
700	17	3	13	190
701	17	3	13	173
702	17	3	13	156
703	17	3	13	139
704	17	3	13	122
705	17	3	13	105
706	17	3	13	88
707	17	3	13	71
708	17	3	13	54
709	17	3	13	37
710	17	3	13	20
711	17	3	13	3
712	17	3	13	-14
713	17	3	13	-31
714	17	3	14	952
715	17	3	14	935
716	17	3	14	918
717	17	3	14	901
718	17	3	14	884
719	17	3	14	867
720	17	3	14	850
721	17	3	14	833
722	16	4	14	817
723	16	4	14	801
724	16	4	14	785
725	16	4	14	769
726	16	4	14	753
727	16	4	14	737
728	16	4	14	721
729	16	4	14	705
730	16	4	14	689
731	16	4	14	673
732	16	4	14	657
733	16	4	14	641
734	16	4	14	625
735	16	4	14	609
736	16	4	14	593
737	16	4	14	577
738	16	4	14	561
739	16	4	14	545
740	15	5	14	530
741	15	5	14	515
742	15	5	14	500
743	15	5	14	485
744	15	5	14	470
745	15	5	14	455
746	15	5	14	440
747	15	5	14	425
748	15	5	14	410
749	15	5	14	395
750	16	4	14	379
751	16	4	14	363
752	16	4	14	347
753	16	4	14	331
754	16	4	14	315
755	16	4	14	299
756	16	4	14	283
757	16	4	14	267
758	16	4	14	251
759	16	4	14	235
760	16	4	14	219
761	16	4	14	203
762	15	5	14	188
763	15	5	14	173
764	15	5	14	158
765	15	5	14	143
766	15	5	14	128
767	15	5	14	113
768	15	5	14	98
769	15	5	14	83
770	15	5	14	68
771	15	5	14	53
772	15	5	14	38
773	14	6	14	24
774	14	6	14	10
775	14	6	14	-4
776	14	6	14	-18
777	14	6	14	-32
778	14	6	14	-46
779	14	6	14	-60
780	14	6	14	-74
781	14	6	14	-88
782	14	6	14	-102
783	14	6	14	-116
784	14	6	14	-130
785	14	6	14	-144
786	14	6	14	-158
787	14	6	14	-172
788	14	6	14	-186
789	14	6	14	-200
790	14	6	14	-214
791	14	6	14	-228
792	14	6	14	-242
793	15	5	14	-257
794	14	6	14	-271
795	14	6	14	-285
796	14	6	14	-299
797	14	6	14	-313
798	14	6	14	-327
799	14	6	14	-341
800	14	6	14	-355
801	14	6	14	-369
802	14	6	14	-383
803	14	6	14	-397
804	14	6	14	-411
805	14	6	14	-425
806	14	6	14	-439
807	14	6	14	-453
808	14	6	14	-467
809	14	6	14	-481
810	14	6	14	-495
811	14	6	14	-509
812	14	6	14	-523
813	14	6	14	-537
814	14	6	14	-551
815	14	6	14	-565
816	14	6	14	-579
817	14	6	14	-593
818	14	6	14	-607
819	14	6	14	-621
820	14	6	14	-635
821	14	6	14	-649
822	14	6	14	-663
823	14	6	14	-677
824	14	6	14	-691
825	14	6	14	-705
826	14	6	14	-719
827	14	6	14	-733
828	14	6	14	-747
829	14	6	14	-761
830	14	6	14	-775
831	14	6	14	-789
832	14	6	14	-803
833	14	6	14	-817
834	14	6	14	-831
835	14	6	14	-845
836	14	6	14	-859
837	14	6	14	-873
838	14	6	14	-887
839	14	6	14	-901
840	14	6	14	-915
841	14	6	14	-929
842	14	6	14	-943
843	14	6	14	-957
844	14	6	14	-971
845	14	6	14	-985
846	14	6	14	-999
847	14	6	14	-1013
848	14	6	14	-1027
849	14	6	14	-1041
850	14	6	14	-1055
851	14	6	14	-1069
852	14	6	14	-1083
853	14	6	14	-1097
854	14	6	14	-1111
855	14	6	14	-1125
856	15	5	14	-1140
857	15	5	14	-1155
858	15	5	14	-1170
859	15	5	14	-1185
860	16	4	14	-1201
861	16	4	14	-1217
862	16	4	14	-1233
863	16	4	14	-1249
864	16	4	14	-1265
865	16	4	14	-1281
866	16	4	14	-1297
867	16	4	14	-1313
868	16	4	14	-1329
869	16	4	14	-1345
870	16	4	14	-1361
871	16	4	14	-1377
872	16	4	14	-1393
873	16	4	14	-1409
874	16	4	14	-1425
875	16	4	14	-1441
876	16	4	14	-1457
877	16	4	14	-1473
878	16	4	14	-1489
879	16	4	14	-1505
880	16	4	14	-1521
881	16	4	14	-1537
882	16	4	14	-1553
883	16	4	14	-1569
884	16	4	14	-1585
885	16	4	14	-1601
886	16	4	14	-1617
887	16	4	14	-1633
888	16	4	14	-1649
889	16	4	14	-1665
890	16	4	14	-1681
891	16	4	14	-1697
892	16	4	14	-1713
893	16	4	14	-1729
894	16	4	14	-1745
895	16	4	14	-1761
896	16	4	14	-1777
897	16	4	14	-1793
898	16	4	14	-1809
899	16	4	14	-1825
900	16	4	14	-1841
901	16	4	14	-1857
902	16	4	14	-1873
903	16	4	14	-1889
904	16	4	14	-1905
905	16	4	15	-921
906	16	4	15	-937
907	16	4	15	-953
908	16	4	15	-969
909	16	4	15	-985
910	16	4	15	-1001
911	16	4	15	-1017
912	16	4	15	-1033
913	16	4	15	-1049
914	16	4	15	-1065
915	16	4	15	-1081
916	16	4	15	-1097
917	15	5	15	-1112
918	15	5	15	-1127
919	15	5	15	-1142
920	15	5	15	-1157
921	15	5	15	-1172
922	15	5	15	-1187
923	15	5	15	-1202
924	15	5	15	-1217
925	15	5	15	-1232
926	15	5	15	-1247
927	15	5	15	-1262
928	15	5	15	-1277
929	15	5	15	-1292
930	15	5	15	-1307
931	15	5	15	-1322
932	15	5	15	-1337
933	15	5	15	-1352
934	15	5	15	-1367
935	15	5	15	-1382
936	15	5	15	-1397
937	15	5	15	-1412
938	15	5	15	-1427
939	15	5	15	-1442
940	15	5	15	-1457
941	15	5	15	-1472
942	15	5	15	-1487
943	15	5	15	-1502
944	15	5	15	-1517
945	15	5	15	-1532
946	15	5	15	-1547
947	15	5	15	-1562
948	15	5	15	-1577
949	15	5	15	-1592
950	15	5	15	-1607
951	15	5	15	-1622
952	15	5	15	-1637
953	15	5	15	-1652
954	15	5	15	-1667
955	15	5	15	-1682
956	15	5	15	-1697
957	15	5	15	-1712
958	15	5	15	-1727
959	15	5	15	-1742
960	15	5	15	-1757
961	15	5	15	-1772
962	15	5	15	-1787
963	15	5	15	-1802
964	14	6	15	-1816
965	14	6	15	-1830
966	14	6	15	-1844
967	14	6	15	-1858
968	14	6	15	-1872
969	14	6	15	-1886
970	14	6	15	-1900
971	14	6	15	-1914
972	14	6	15	-1928
973	14	6	15	-1942
974	14	6	15	-1956
975	14	6	15	-1970
976	14	6	15	-1984
977	14	6	15	-1998
978	14	6	15	-2012
979	14	6	15	-2026
980	14	6	15	-2040
981	14	6	15	-2054
982	14	6	15	-2068
983	14	6	15	-2082
984	14	6	15	-2096
985	14	6	15	-2110
986	14	6	15	-2124
987	14	6	15	-2138
988	13	7	15	-2151
989	13	7	15	-2164
990	13	7	15	-2177
991	13	7	15	-2190
992	13	7	15	-2203
993	13	7	15	-2216
994	13	7	15	-2229
995	13	7	15	-2242
996	13	7	15	-2255
997	13	7	15	-2268
998	13	7	15	-2281
999	13	7	15	-2294
1000	13	7	15	-2307
1001	13	7	15	-2320
1002	13	7	15	-2333
1003	13	7	15	-2346
1004	13	7	15	-2359
1005	13	7	15	-2372
1006	13	7	15	-2385
1007	13	7	15	-2398
1008	13	7	15	-2411
1009	13	7	15	-2424
1010	13	7	15	-2437
1011	13	7	15	-2450
1012	13	7	15	-2463
1013	13	7	15	-2476
1014	13	7	15	-2489
1015	13	7	15	-2502
1016	13	7	15	-2515
1017	13	7	15	-2528
1018	13	7	15	-2541
1019	13	7	15	-2554
1020	13	7	15	-2567
1021	13	7	15	-2580
1022	13	7	15	-2593
1023	13	7	15	-2606
1024	13	7	15	-2619
1025	13	7	15	-2632
1026	13	7	15	-2645
1027	13	7	15	-2658
1028	13	7	15	-2671
1029	13	7	15	-2684
1030	13	7	15	-2697
1031	13	7	15	-2710
1032	13	7	15	-2723
1033	13	7	15	-2736
1034	13	7	15	-2749
1035	13	7	15	-2762
1036	13	7	15	-2775
1037	13	7	15	-2788
1038	13	7	15	-2801
1039	13	7	15	-2814
1040	13	7	15	-2827
1041	13	7	15	-2840
1042	13	7	15	-2853
1043	13	7	15	-2866
1044	13	7	15	-2879
1045	13	7	15	-2892
1046	13	7	15	-2905
1047	13	7	15	-2918
1048	13	7	15	-2931
1049	13	7	15	-2944
1050	13	7	15	-2957
1051	13	7	15	-2970
1052	13	7	15	-2983
1053	13	7	15	-2996
1054	12	8	15	-3008
1055	13	7	15	-3021
1056	13	7	15	-3034
1057	13	7	15	-3047
1058	13	7	15	-3060
1059	13	7	15	-3073
1060	13	7	15	-3086
1061	13	7	15	-3099
1062	13	7	15	-3112
1063	13	7	15	-3125
1064	13	7	15	-3138
1065	13	7	15	-3151
1066	13	7	15	-3164
1067	13	7	15	-3177
1068	13	7	15	-3190
1069	13	7	15	-3203
1070	13	7	15	-3216
1071	13	7	15	-3229
1072	13	7	15	-3242
1073	13	7	15	-3255
1074	12	8	15	-3267
1075	12	8	15	-3279
1076	12	8	15	-3291
1077	12	8	15	-3303
1078	12	8	15	-3315
1079	12	8	15	-3327
1080	12	8	15	-3339
1081	12	8	15	-3351
1082	12	8	15	-3363
1083	12	8	15	-3375
1084	12	8	15	-3387
1085	12	8	15	-3399
1086	12	8	15	-3411
1087	12	8	15	-3423
1088	12	8	15	-3435
1089	12	8	15	-3447
1090	12	8	15	-3459
1091	12	8	15	-3471
1092	12	8	15	-3483
1093	12	8	15	-3495
1094	12	8	15	-3507
1095	12	8	15	-3519
1096	12	8	15	-3531
1097	12	8	15	-3543
1098	12	8	15	-3555
1099	12	8	15	-3567
1100	12	8	15	-3579
1101	12	8	15	-3591
1102	12	8	15	-3603
1103	12	8	15	-3615
1104	12	8	15	-3627
1105	12	8	15	-3639
1106	12	8	15	-3651
1107	12	8	15	-3663
1108	12	8	15	-3675
1109	12	8	15	-3687
1110	12	8	15	-3699
1111	12	8	15	-3711
1112	12	8	15	-3723
1113	12	8	15	-3735
1114	12	8	15	-3747
1115	12	8	15	-3759
1116	12	8	15	-3771
1117	12	8	15	-3783
1118	12	8	15	-3795
1119	12	8	15	-3807
1120	12	8	15	-3819
1121	12	8	15	-3831
1122	12	8	15	-3843
1123	12	8	15	-3855
1124	12	8	15	-3867
1125	12	8	15	-3879
1126	12	8	15	-3891
1127	12	8	15	-3903
1128	12	8	15	-3915
1129	12	8	15	-3927
1130	12	8	15	-3939
1131	12	8	15	-3951
1132	12	8	15	-3963
1133	12	8	15	-3975
1134	12	8	15	-3987
1135	12	8	15	-3999
1136	12	8	15	-4011
1137	12	8	15	-4023
1138	12	8	15	-4035
1139	12	8	15	-4047
1140	12	8	15	-4059
1141	12	8	15	-4071
1142	12	8	15	-4083
1143	12	8	15	-4095
1144	12	8	15	-4107
1145	12	8	15	-4119
1146	12	8	15	-4131
1147	12	8	15	-4143
1148	12	8	15	-4155
1149	12	8	15	-4167
1150	12	8	15	-4179
1151	12	8	15	-4191
1152	12	8	15	-4203
1153	12	8	15	-4215
1154	12	8	15	-4227
1155	12	8	15	-4239
1156	12	8	15	-4251
1157	12	8	15	-4263
1158	12	8	15	-4275
1159	12	8	15	-4287
1160	12	8	15	-4299
1161	12	8	15	-4311
1162	12	8	15	-4323
1163	12	8	15	-4335
1164	12	8	15	-4347
1165	12	8	15	-4359
1166	12	8	15	-4371
1167	12	8	15	-4383
1168	12	8	15	-4395
1169	12	8	15	-4407
1170	12	8	15	-4419
1171	12	8	15	-4431
1172	12	8	15	-4443
1173	12	8	15	-4455
1174	12	8	15	-4467
1175	12	8	15	-4479
1176	12	8	15	-4491
1177	12	8	15	-4503
1178	12	8	15	-4515
1179	12	8	15	-4527
1180	12	8	15	-4539
1181	12	8	15	-4551
1182	12	8	16	-3563
1183	12	8	16	-3575
1184	12	8	16	-3587
1185	12	8	16	-3599
1186	12	8	16	-3611
1187	12	8	16	-3623
1188	12	8	16	-3635
1189	12	8	16	-3647
1190	12	8	16	-3659
1191	12	8	16	-3671
1192	12	8	16	-3683
1193	12	8	16	-3695
1194	12	8	16	-3707
1195	12	8	16	-3719
1196	12	8	16	-3731
1197	12	8	16	-3743
1198	12	8	16	-3755
1199	12	8	16	-3767
1200	12	8	16	-3779
1201	12	8	16	-3791
1202	12	8	16	-3803
1203	12	8	16	-3815
1204	12	8	16	-3827
1205	12	8	16	-3839
1206	12	8	16	-3851
1207	12	8	16	-3863
1208	12	8	16	-3875
1209	12	8	16	-3887
1210	12	8	16	-3899
1211	12	8	16	-3911
1212	12	8	16	-3923
1213	12	8	16	-3935
1214	12	8	16	-3947
1215	12	8	16	-3959
1216	12	8	16	-3971
1217	12	8	16	-3983
1218	12	8	16	-3995
1219	12	8	16	-4007
1220	12	8	16	-4019
1221	12	8	16	-4031
1222	12	8	16	-4043
1223	12	8	16	-4055
1224	12	8	16	-4067
1225	12	8	16	-4079
1226	12	8	16	-4091
1227	12	8	16	-4103
1228	12	8	16	-4115
1229	12	8	16	-4127
1230	12	8	16	-4139
1231	12	8	16	-4151
1232	12	8	16	-4163
1233	12	8	16	-4175
1234	12	8	16	-4187
1235	12	8	16	-4199
1236	12	8	16	-4211
1237	12	8	16	-4223
1238	12	8	16	-4235
1239	11	9	16	-4246
1240	11	9	16	-4257
1241	11	9	16	-4268
1242	11	9	16	-4279
1243	11	9	16	-4290
1244	11	9	16	-4301
1245	11	9	16	-4312
1246	11	9	16	-4323
1247	11	9	16	-4334
1248	11	9	16	-4345
1249	11	9	16	-4356
1250	11	9	16	-4367
1251	11	9	16	-4378
1252	11	9	16	-4389
1253	11	9	16	-4400
1254	11	9	16	-4411
1255	11	9	16	-4422
1256	11	9	16	-4433
1257	11	9	16	-4444
1258	11	9	16	-4455
1259	11	9	16	-4466
1260	11	9	16	-4477
1261	11	9	16	-4488
1262	11	9	16	-4499
1263	11	9	16	-4510
1264	11	9	16	-4521
1265	11	9	16	-4532
1266	11	9	16	-4543
1267	11	9	16	-4554
1268	11	9	16	-4565
1269	11	9	16	-4576
1270	11	9	16	-4587
1271	11	9	16	-4598
1272	11	9	16	-4609
1273	11	9	16	-4620
1274	11	9	16	-4631
1275	11	9	16	-4642
1276	11	9	16	-4653
1277	11	9	16	-4664
1278	11	9	16	-4675
1279	11	9	16	-4686
1280	11	9	16	-4697
1281	11	9	16	-4708
1282	11	9	16	-4719
1283	11	9	16	-4730
1284	11	9	16	-4741
1285	11	9	16	-4752
1286	11	9	16	-4763
1287	11	9	16	-4774
1288	11	9	16	-4785
1289	11	9	16	-4796
1290	11	9	16	-4807
1291	11	9	16	-4818
1292	11	9	16	-4829
1293	11	9	16	-4840
1294	11	9	16	-4851
1295	11	9	16	-4862
1296	10	10	16	-4872
1297	10	10	16	-4882
1298	10	10	16	-4892
1299	10	10	16	-4902
1300	10	10	16	-4912
1301	10	10	16	-4922
1302	10	10	16	-4932
1303	10	10	16	-4942
1304	10	10	16	-4952
1305	10	10	16	-4962
1306	10	10	16	-4972
1307	10	10	16	-4982
1308	10	10	16	-4992
1309	10	10	16	-5002
1310	10	10	16	-5012
1311	10	10	16	-5022
1312	10	10	16	-5032
1313	10	10	16	-5042
1314	10	10	16	-5052
1315	10	10	16	-5062
1316	10	10	16	-5072
1317	10	10	16	-5082
1318	10	10	16	-5092
1319	10	10	16	-5102
1320	10	10	16	-5112
1321	10	10	16	-5122
1322	10	10	16	-5132
1323	10	10	16	-5142
1324	10	10	16	-5152
1325	10	10	16	-5162
1326	10	10	16	-5172
1327	10	10	16	-5182
1328	10	10	16	-5192
1329	10	10	16	-5202
1330	10	10	16	-5212
1331	10	10	16	-5222
1332	10	10	16	-5232
1333	10	10	16	-5242
1334	10	10	16	-5252
1335	10	10	16	-5262
1336	10	10	16	-5272
1337	10	10	16	-5282
1338	10	10	16	-5292
1339	10	10	16	-5302
1340	10	10	16	-5312
1341	10	10	16	-5322
1342	10	10	16	-5332
1343	10	10	16	-5342
1344	10	10	16	-5352
1345	10	10	16	-5362
1346	10	10	16	-5372
1347	10	10	16	-5382
1348	10	10	16	-5392
1349	10	10	16	-5402
1350	10	10	16	-5412
1351	10	10	16	-5422
1352	10	10	16	-5432
1353	10	10	16	-5442
1354	10	10	16	-5452
1355	10	10	16	-5462
1356	10	10	16	-5472
1357	10	10	16	-5482
1358	10	10	16	-5492
1359	10	10	16	-5502
1360	10	10	16	-5512
1361	10	10	16	-5522
1362	10	10	16	-5532
1363	10	10	16	-5542
1364	10	10	16	-5552
1365	10	10	16	-5562
1366	10	10	16	-5572
1367	10	10	16	-5582
1368	10	10	16	-5592
1369	10	10	16	-5602
1370	10	10	16	-5612
1371	10	10	16	-5622
1372	10	10	16	-5632
1373	10	10	16	-5642
1374	10	10	16	-5652
1375	10	10	16	-5662
1376	10	10	16	-5672
1377	10	10	16	-5682
1378	10	10	16	-5692
1379	10	10	16	-5702
1380	10	10	16	-5712
1381	10	10	16	-5722
1382	10	10	16	-5732
1383	10	10	16	-5742
1384	10	10	16	-5752
1385	10	10	16	-5762
1386	10	10	16	-5772
1387	10	10	16	-5782
1388	10	10	16	-5792
1389	10	10	16	-5802
1390	10	10	16	-5812
1391	10	10	17	-4822
1392	10	10	17	-4832
1393	10	10	17	-4842
1394	10	10	17	-4852
1395	10	10	17	-4862
1396	10	10	17	-4872
1397	10	10	17	-4882
1398	10	10	17	-4892
1399	10	10	17	-4902
1400	10	10	17	-4912
1401	10	10	17	-4922
1402	10	10	17	-4932
1403	10	10	17	-4942
1404	10	10	17	-4952
1405	10	10	17	-4962
1406	10	10	17	-4972
1407	10	10	17	-4982
1408	10	10	17	-4992
1409	10	10	17	-5002
1410	10	10	17	-5012
1411	10	10	17	-5022
1412	10	10	17	-5032
1413	10	10	17	-5042
1414	10	10	17	-5052
1415	10	10	17	-5062
1416	10	10	17	-5072
1417	10	10	17	-5082
1418	10	10	17	-5092
1419	10	10	17	-5102
1420	10	10	17	-5112
1421	10	10	17	-5122
1422	10	10	17	-5132
1423	10	10	17	-5142
1424	10	10	17	-5152
1425	10	10	17	-5162
1426	10	10	17	-5172
1427	10	10	17	-5182
1428	10	10	17	-5192
1429	10	10	17	-5202
1430	9	11	17	-5211
1431	9	11	17	-5220
1432	9	11	17	-5229
1433	9	11	17	-5238
1434	9	11	17	-5247
1435	9	11	17	-5256
1436	8	12	17	-5264
1437	8	12	17	-5272
1438	8	12	17	-5280
1439	8	12	17	-5288
1440	8	12	17	-5296
1441	8	12	17	-5304
1442	8	12	17	-5312
1443	8	12	17	-5320
1444	8	12	17	-5328
1445	8	12	17	-5336
1446	8	12	17	-5344
1447	8	12	17	-5352
1448	8	12	17	-5360
1449	8	12	17	-5368
1450	8	12	17	-5376
1451	8	12	17	-5384
1452	8	12	17	-5392
1453	8	12	17	-5400
1454	8	12	17	-5408
1455	8	12	17	-5416
1456	8	12	17	-5424
1457	8	12	17	-5432
1458	8	12	17	-5440
1459	8	12	17	-5448
1460	8	12	17	-5456
1461	8	12	17	-5464
1462	8	12	17	-5472
1463	8	12	17	-5480
1464	8	12	17	-5488
1465	8	12	17	-5496
1466	8	12	17	-5504
1467	8	12	17	-5512
1468	8	12	17	-5520
1469	8	12	17	-5528
1470	8	12	17	-5536
1471	8	12	17	-5544
1472	8	12	17	-5552
1473	8	12	17	-5560
1474	8	12	17	-5568
1475	8	12	17	-5576
1476	8	12	17	-5584
1477	8	12	17	-5592
1478	8	12	17	-5600
1479	7	13	17	-5607
1480	6	14	17	-5613
1481	6	14	17	-5619
1482	6	14	17	-5625
1483	6	14	17	-5631
1484	6	14	17	-5637
1485	6	14	17	-5643
1486	7	13	17	-5650
1487	7	13	17	-5657
1488	7	13	17	-5664
1489	7	13	17	-5671
1490	8	12	17	-5679
1491	8	12	17	-5687
1492	8	12	17	-5695
1493	8	12	17	-5703
1494	8	12	17	-5711
1495	8	12	17	-5719
1496	9	11	17	-5728
1497	9	11	17	-5737
1498	9	11	17	-5746
1499	9	11	17	-5755
1500	9	11	17	-5764
1501	9	11	17	-5773
1502	9	11	17	-5782
1503	9	11	17	-5791
1504	9	11	17	-5800
1505	9	11	17	-5809
1506	9	11	17	-5818
1507	9	11	17	-5827
1508	10	10	17	-5837
1509	10	10	17	-5847
1510	10	10	17	-5857
1511	10	10	17	-5867
1512	10	10	17	-5877
1513	10	10	17	-5887
1514	10	10	17	-5897
1515	10	10	17	-5907
1516	10	10	17	-5917
1517	10	10	17	-5927
1518	10	10	17	-5937
1519	10	10	17	-5947
1520	10	10	17	-5957
1521	10	10	17	-5967
1522	10	10	17	-5977
1523	10	10	17	-5987
1524	10	10	17	-5997
1525	10	10	17	-6007
1526	10	10	17	-6017
1527	10	10	17	-6027
1528	10	10	17	-6037
1529	10	10	17	-6047
1530	10	10	17	-6057
1531	10	10	17	-6067
1532	10	10	17	-6077
1533	10	10	17	-6087
1534	10	10	17	-6097
1535	11	9	17	-6108
1536	11	9	17	-6119
1537	11	9	17	-6130
1538	12	8	17	-6142
1539	12	8	17	-6154
1540	12	8	17	-6166
1541	12	8	17	-6178
1542	12	8	17	-6190
1543	12	8	17	-6202
1544	12	8	17	-6214
1545	12	8	17	-6226
1546	12	8	17	-6238
1547	12	8	17	-6250
1548	12	8	17	-6262
1549	12	8	17	-6274
1550	12	8	17	-6286
1551	12	8	17	-6298
1552	12	8	17	-6310
1553	12	8	17	-6322
1554	12	8	17	-6334
1555	12	8	17	-6346
1556	12	8	17	-6358
1557	12	8	17	-6370
1558	12	8	17	-6382
1559	12	8	17	-6394
1560	12	8	17	-6406
1561	12	8	17	-6418
1562	12	8	17	-6430
1563	12	8	17	-6442
1564	12	8	17	-6454
1565	12	8	17	-6466
1566	12	8	17	-6478
1567	13	7	17	-6491
1568	13	7	17	-6504
1569	13	7	17	-6517
1570	13	7	17	-6530
1571	13	7	17	-6543
1572	13	7	17	-6556
1573	13	7	17	-6569
1574	13	7	17	-6582
1575	13	7	17	-6595
1576	13	7	17	-6608
1577	13	7	17	-6621
1578	13	7	17	-6634
1579	13	7	17	-6647
1580	13	7	17	-6660
1581	13	7	17	-6673
1582	13	7	17	-6686
1583	13	7	17	-6699
1584	13	7	17	-6712
1585	13	7	17	-6725
1586	13	7	17	-6738
1587	13	7	17	-6751
1588	13	7	17	-6764
1589	13	7	17	-6777
1590	13	7	17	-6790
1591	13	7	17	-6803
1592	13	7	17	-6816
1593	13	7	17	-6829
1594	13	7	17	-6842
1595	13	7	17	-6855
1596	13	7	17	-6868
1597	13	7	17	-6881
1598	13	7	17	-6894
1599	13	7	17	-6907
1600	13	7	17	-6920
1601	13	7	17	-6933
1602	13	7	17	-6946
1603	13	7	17	-6959
1604	12	8	17	-6971
1605	12	8	17	-6983
1606	12	8	17	-6995
1607	12	8	17	-7007
1608	12	8	17	-7019
1609	12	8	17	-7031
1610	12	8	17	-7043
1611	12	8	17	-7055
1612	12	8	17	-7067
1613	12	8	17	-7079
1614	12	8	17	-7091
1615	12	8	17	-7103
1616	12	8	17	-7115
1617	12	8	17	-7127
1618	12	8	17	-7139
1619	12	8	17	-7151
1620	12	8	17	-7163
1621	12	8	17	-7175
1622	12	8	17	-7187
1623	12	8	17	-7199
1624	12	8	17	-7211
1625	12	8	17	-7223
1626	12	8	17	-7235
1627	12	8	17	-7247
1628	12	8	17	-7259
1629	12	8	17	-7271
1630	12	8	17	-7283
1631	12	8	17	-7295
1632	12	8	17	-7307
1633	12	8	17	-7319
1634	12	8	17	-7331
1635	12	8	17	-7343
1636	12	8	17	-7355
1637	12	8	17	-7367
1638	12	8	17	-7379
1639	12	8	17	-7391
1640	12	8	17	-7403
1641	12	8	17	-7415
1642	12	8	17	-7427
1643	12	8	17	-7439
1644	12	8	17	-7451
1645	12	8	17	-7463
1646	12	8	17	-7475
1647	12	8	17	-7487
1648	12	8	17	-7499
1649	12	8	17	-7511
1650	12	8	17	-7523
1651	12	8	17	-7535
1652	12	8	17	-7547
1653	12	8	17	-7559
1654	12	8	17	-7571
1655	12	8	17	-7583
1656	12	8	17	-7595
1657	12	8	17	-7607
1658	12	8	17	-7619
1659	12	8	17	-7631
1660	12	8	17	-7643
1661	12	8	17	-7655
1662	12	8	17	-7667
1663	12	8	17	-7679
1664	12	8	17	-7691
1665	12	8	17	-7703
1666	12	8	17	-7715
1667	12	8	17	-7727
1668	12	8	17	-7739
1669	12	8	17	-7751
